9 0.675625 0.489681 0.17875 0.270169 0.299561
4 0.508125 0.403377 0.26625 0.442777 0.738281
9 0.675625 0.489681 0.17875 0.270169 0.299561
4 0.508125 0.403377 0.26625 0.442777 0.738281
9 0.675625 0.489681 0.17875 0.270169 0.299561
4 0.508125 0.403377 0.26625 0.442777 0.738281
9 0.675625 0.489681 0.17875 0.270169 0.299561
4 0.508125 0.403377 0.26625 0.442777 0.738281
9 0.675625 0.489681 0.17875 0.270169 0.299561
4 0.508125 0.403377 0.26625 0.442777 0.738281
9 0.675625 0.489681 0.17875 0.270169 0.299561
4 0.508125 0.403377 0.26625 0.442777 0.738281
9 0.675625 0.489681 0.17875 0.270169 0.299561
4 0.508125 0.403377 0.26625 0.442777 0.738281
9 0.675625 0.489681 0.17875 0.270169 0.299561
4 0.508125 0.403377 0.26625 0.442777 0.738281
9 0.675625 0.489681 0.17875 0.270169 0.299561
4 0.508125 0.403377 0.26625 0.442777 0.738281
